1191
6777
898
5964
2977
9270
9478
8554
5864
2413
8043
6334
5443
6141
915
5697
1731
697
1585
3901
2497
3505
2811
1212
6887
3470
2705
9475
621
3934
157
5679
1512
2561
5243
1230
8078
4914
1531
4882
205
5722
836
572955555
9516
1634
123
2992
9490
9032
7700
2818
838
2389
5193
4091
4950
20925555
1817
4842
4764
7412
4674
8630
7550
8617
3282
2504
53
52485555
6970
8058
1728
1530
7380
2270
9098
844
2375
8402
985
668
528955555
9346
9801
6270
8596
7551
4792
976
1020
8815
5827
2546
8672
8100
3441
1803
8174
2337
4974
8552
3612
6219
1451
8821
2309
3644
9316
8273
2976
9294
8466
445
802355555
7270
1762
2374
2310
1919
1925
707
1843
3929
9930
1936
2542
1728
3385
477
5800
1906
2593
8225
9449
6348
4917
3619
2348
1700
4514
6314
5710
9116
5316
4707
2295
1765
6617
275
263
8067
4694
4445
9605
9648
9640
534
9620
6003
1646
6200
8600555
5922
464655555
2788
9880
7669
501555555
5147
9715
7981
1019
5247
3463
1861
4982
130155555
1056
7704
5174
4670
6559
1875
9809
5782
3419
682855555
9511
8412
7884
2420
3625
7572
7269
2185
6549
5881
4945
3790
485
6903
2114
3727
8841
7703
3766
2064
6514
4044
5515
4118
225
8143
2709
840
4047
2582
3421
1558
542
762
9947
1323
9248
6392
3528
3727
8471
728
9325
560
8908
8349
6577
1571
7203
8668
7089
341
6255
5488
672
5271
6546
2861
6561
7465
7016
1444
8002
1317
181
7895
3068
3600
6812
1502
2888
4973
1490
3976
5108
9907
8178
3221
8390
9375
4545
1012
3009
621
1685
2457
7014
4051
9826
8882
1676
3102
1157
7705
6579
3282
5093
9708
4677
684
7446
2172
9118
2810
4207
9091
1790
4301
3535
8457
1100
861
1292
9960
1277
1838
348
511
1589
3043
7735
1380
718
4112
7276
2670
2359
1556
6692
9521
4078
7318
7876
7483
7009
8286
3367
7423
3505
5064
5819
5264
4809
7749
8778
8624
3518
9011
2620
8409
9703
1758
9931
5116
9294
8470
3479
7448
4039
4403
4539
238
752
6022
2128
9715
2378
2146
6000
5445
9032
5755
8702
6353
5109
382
324
2468
1531
3233
4477
4720
4913
2172
6980
8274
4885
3624
6236
3586
6874
2551
5714
7115
6051
933
5360
9883
2065
6525
4516
4749
1785
1551
5920
7637
1386
7104
4002
2075
1757
3378
4727
1213
110
4886
4204
5854
6842
1407
2085
6899
7145
3657
8210
6063
8734
1194
30
3277
3933
8791
1609
9278
5356
9866
6809
2068
1277
2115
6029
383
5275
1629
2242
1157
899
5731
6137
743
230
8658
393
1938
3852
4000
4769
5347
2202
9261
6961
3919
9638
7705
8121
8098
7979
6966
3537
5798
8985
2080
7371
982
7806
714
1494
9331
6683
9163
8229
8183
6448
5529
6128
9224
858
628
1816
2815
30
8134
4272
1802
3558
1722
2411
8159
2523
2427
3873
6482
1427
590
2678
4281
5246
9442
2556
942
652
4870
679
4068
9841
5485
9857
6317
6443
3678
7760
9739
7667
9662
8453
1190
2162
6226
3751
8766
6503
3599
8415
6050
4854
8165
1348
4112
8130
1628
8330
6541
8718
3933
135
3879
3857
5300
2214
3977
6520
1285
7456
4207
7969
701
8823
2315
7413
761
8932
1575
372
1149
596
2396
8232
2254
6463
1122
8867
2704
1786
1577
6122
9896
2461
984
4887
2297
3894
7236
4185
209
2207
7731
1199
6953
7534
6912
6757
7336
124
6130
8157
1818
1145
9385
9857
0
3086
3849
40
3111
4258
1306
9128
7693
9969
5566
3963
4337
9497
4325
1861
5211
8071
5870
6725
6364
6802
5455
6970
9351
2550
9862
2360
7359
7461
7921
3514
9939
9960
8715
1642
2136
4380
6952
6719
4726
6955
4003
1223
5366
8151
3285
7461
9674
2015
4841
9628
8493
9979
2686
3085
5436
6810
4253
7357
1141
1471
4875
4011
303
5047
1729
5536
1307
1918
5706
4440
2554
4163
9485
2512
9871
4585
2588
5457
3910
8527
8748
4092
3444
7714
6550
1158
81
1025
6973
6629
6004
5169
5857
2715
4557
1058
6787
995
1001
1170
1802
1626
2433
8785
325
17
116
6357
4978
8576
695
7471
1279
4476
9098
3485
6495
5500
8541
6993
2511
9368
1938
4450
7977
947
9253
4385
7368
1931
7673
7567
2670
5870
7012
9997
5491
1632
9982
6628
1935
7802
4198
1767
1241
7013
6646
1909
6240
6983
1928
5731
6011
3869
8409
9737
7084
2122
8941
7868
378
2431
19
6605
15
252
1402
3423
767
4357
5588
1390
3674
7912
3818
2479
2564
5342
6129
9362
9939
9201
1051
239
2200
1373
3728
9824
530
5145
9567
6331
2303
8456
5584
6612
4277
7179
412
1136
5360
2601
4671
2236
1916
4706
4812
9887
4294
512
2593
3357
1550
5071
9181
9966
3696
9455
6752
3566
1635
9944
6770
1046
9216
605
5223
1516
1863
4547
7472
2726
2527
8180
7205
5284
4349
7775
434
1791
600
979
1632
7004
8234
3004
982
8038
8233
1404
9648
8187
5222
238
3118
2501
3381
9655
7568
8077
3455
4046
1248
395
8949
7549
2016
560
5701
9432
8103
1367
770
7070
454
7945
1423
5198
815
2337
364
9612
5128
975
388
5235
8108
7633
3878
1021
1795
5887
8467
5617
1796
2165
887
1805
1240
5382
1132
8548
3856
9311
9211
3753
8505
7723
2980
2109
9967
4421
3601
3878
9216
9282
6661
704
8163
8128
4906
7528
8697
4602
2284
5767
8866
8670
2496
2219
4787
2672
2842
5020
4503
2768
2685
8942
4083
2409
115
754
6654
604
2735
1410
5713
8829
609
3437
9404
9355
5787
1103
1305
5014
4562
3717
1908
3596
3047
1936
3115
949
1766
2536
5475
8096
302
9650
6027
6445
2162
869
6021
876
5984
6825
34
8166
304
5713
9341
363
6495
9387
1499
2443
3693
8022
1762
6009
1395
8739
8295
6029
2041
4735
1900
5337
4599
3072
954
7102
1034
8749
2907
1679
1146
6611
2604
1446
1482
3605
720
486
1055
9124
8936
6114
6804
9952
4498
5260
7053
3357
4640
4864
4843
122
5835
9281
4928
1038
7095
4484
4611
8947
3544
1436
3910
4663
4389
7350
2454
6977
2141
4438
6915
4465
6583
9777
9761
107
4814
8845
1885
8390
2541
1701
84
7152
3495
5634
8529
2788
2154
1527
9509
2574
9397
7787
2316
5054
7975
8460
7501
3948
2970
7218
1106
4203
721
17
2698
1808
9869
6244
107
8309
5702
6390
875
841
3560
386
7761
6667
8220
3999
1080
3463
3321
4820
2292
8192
5418
4658
6871
894
1201
1969
8550
73
940
7323
6184
2167
984
1689
6591
531
8371
1610
138
7231
1639
2139
4569
6731
2387
3268
3411
2006
5100
5839
9349
195
388
1422
2316
752
1753
9357
6517
148
4610
6710
594
7623
1942
7556
3024
4343
5341
5642
1223
616
4730
5316
4322
8907
5066
6302
7631
4082
4214
596
6888
1826
9871
7066
7092
1946
2011
957
168
2675
5178
6025
2274
1801
5151
973
1751
6442
251
6828
4523
6316
2300
6949
9201
995
2742
4597
5300
7667
7072
3595
3430
179
323
5500
3190
9459
750
3097
7015
6079
9405
1486
3534
4885
8251
8284
7468
5395
1750
1881
3630
3444
7970
1590
2049
973
6913
3553
2250
7922
4241
7484
2613
831
8118
7934
1339
3764
9210
3017
6922
7888
1826
9372
960
3617
275
6745
2759
5483
4565
2041
6408
2136
5062
3007
2521
4222
7922
3098
5816
9335
1522
2431
7661
5693
6338
6711
6539
9124
23
5477
7640
3037
289
1562
2638
232
2718
3900
7024
4553
1200
5221
9456
783
1055
8648
6464
8001
3889
7065
9304
4649
569
2285
5224
9622
2446
1471
4222
3596
5518
8917
2042
3871
5955
2
7088
5216
1236
2670
318
6167
3007
1091
5343
6033
8662
2409
6543
9740
9015
1044
7520
7633
1040
108
1532
2113
3379
222
6860
7956
486
5457
8120
2909
3295
7771
2640
5618
1182
6261
587
5754
9115
7692
3677
3864
3681
8474
7774
5975
8043
8997
1241
5846
8447
949
5170
1767
456
8268
5660
2307
1112
4737
3450
9008
93
9709
3588
6741
6531
8794
5357
3388
1963
3129
7266
2969
2683
3635
5829
8955
6261
3250
1051
5105
9068
769
2610
127
5
2049
568
5009
7739
77
6264
3967
9141
4560
198
4913
9259
6374
4509
6549
1767
6641
422
8607
857
4973
1500
32
2270
3429
5198
2250
2273
3047
5444
6146
4434
8069
262
2679
5943
1246
4378
4227
4848
1133
9772
7488
5503
8784
1346
2892
3128
4763
8960
4288
3093
6014
2394
5197
5213
1989
6201
2376
5430
4942
7616
648
6696
2896
4927
2957
2692
2762
9031
867
3861
8298
2815
5608
2790
559
454
6410
7348
4097
7434
7316
6742
1199
2312
3387
314
9753
853
7140
65
7296
957
6328
7518
8698
715
42
7419
2827
2744
2376
7213
528
1334
3137
3880
9917
8143
6807
118
5146
6362
7716
5012
2489
9103
2641
6110
7611
9146
6453
1868
1236
9653
1595
6476
6012
817
6391
947
8855
4229
1882
5406
7895
1611
6036
2926
7057
2006
5658
2131
2942
3305
7608
9112
8290
8500
1176
3375
2050
5344
1252
3454
3265
238
3960
3691
9900
1626
9948
1028
4712
4550
9920
7794
536
356
2984
6543
8627
7523
6411
165
8116
1791
4599
1641
692
6898
9079
7272
9622
6911
728
2672
7409
2673
8344
2594
6564
1039
5215
647
6244
1586
1667
9809
6953
4090
9223
2739
490
8062
5459
1539
6902
1315
4554
2127
3766
7504
9383
5198
2479
1119
3402
3225
4139
8197
7074
1625
9498
8454
7723
1411
8517
2179
6938
9121
2948
9765
2710
9218
4960
9343
1066
6886
8363
5647
7128
2562
799
1413
1456
3403
5605
5671
7745
4049
375
7012
7119
8073
3336
9239
1254
4624
274
1679
2958
2252
2687
1373
735
613
3564
2205
8903
4613
1628
7289
5770
9099
1529
4842
7609
1446
9584
2544
8790
1008
2253
3364
87
2537
7236
268
3385
4054
2243
1631
7126
6266
404
1642
8842
4019
9815
9842
2051
1976
4191
250
2183
9282
7675
9127
7563
1128
5064
9682
2593
1359
2357
2158
529
3393
1496
7147
9947
2094
1599
5931
5947
4305
3162
6499
831
2389
903
6100
2693
6775
3613
1738
6328
5885
1869
7956
7373
5863
8293
2069
9001
2053
792
7882
6565
2330
939
2526
565
831
7504
827
6101
1755
9160
8913
4293
6674
3237
4411
5958
1819
286
8768
1957
8614
4263
2904
1576
2381
8352
7889
583
5275
3036
5680
2029
7115
7061
3947
350
4818
2797
7686
6139
8383
8360
7820
612
9218
7977
6097
4382
1531
5739
8790
3845
8564
8689
5133
1043
9650
9919
6829
9234
6295
2090
3048
2622
524
349
4299
3743
2766
2302
2997
7558
8966
1857
3660
3893
2061
1660
2061
6836
879
490
754
7793
9296
5427
6457
4055
5484
4971
7314
2339
8387
7402
7065
4227
4182
7965
6901
671
4779
7292
1136
8189
8823
3579
2841
7568
1404
3876
1094
672
9840
4500
653
624
5760
6741
1045
1836
3781
6621
9272
1073
6215
2101
8236
4594
7487
6060
6579
9319
8961
8253
6063
1577
9354
7518
8810
7788
3142
5130
9877
6812
5
9490
2143
187
910
4111
2649
1945
3445
8044
1367
4869
6906
6833
6649
6115
5922
226
9659
4431
2041
4890
9626
7601
5271
6034
8216
34
99
2375
1906
9117
7974
5547
1456
9817
786
2698
1212
2118
6690
2479
999
6950
8979
392
7512
1359
2740
5048
8438
1774
7674
6123
3257
1854
9063
1551
9211
8041
4796
1778
6869
8862
6428
2822
2487
4947
9427
2412
728
269
1814
8768
7071
1566
653
9089
8385
7534
7279
6244
9484
2605
4748
1785
4579
1799
9297
9326
8683
1034
1144
7026
8501
9188
8590
2605
6174
961
2265
6846
5843
3411
4889
4118
9993
1218
9837
2915
251
6487
6650
5135
2565
4739
3544
1994
2497
6773
5086
213
5024
7564
2751
7185
8428
650
996
711
4955
9802
7196
6041
790
5971
8065
5800
3371
2204
5837
1080
5375
4707
6813
337
7256
4249
1269
7784
9339
6288
6084
7901
5361
8904
2922
8838
3392
1206
3495
1324
1703
4438
3509
7555
457
2547
1272
8384
7854
6308
3189
9239
4982
1625
1505
6067
3567
8230
2059
9401
7017
4495
8029
8911
8328
2886
9119
2248
8026
7920
3709
1459
9098
8862
2955
7094
9316
2379
3285
341
7289
7409
5051
7800
4341
242
5005
2139
5776
2035
2515
6311
8098
2955
4433
2593
8523
1133
8505
9665
6546
6337
5345
8198
3019
2554
8678
7881
9726
1044
7889
7439
9798
6572
7049
5315
9383
2037
4905
8435
6900
344
7860
7193
1968
635
7654
1133
4819
5221
2397
9784
1055
5569
2648
9756
852
4321
3518
1283
6400
8134
4947
8278
9467
6957
8966
624
5619
363
7646
433
8691
7788
5782
9942
1433
5608
2294
5081
2056
6056
9045
4981
6011
7671
3180
6110
1483
8460
12
8958
1939
1272
4867
9826
7425
4443
3051
3479
6448
443
9139
9215
1636
8328
3666
3368
6118
8889
1801
5055
3809
8331
1928
7920
3756
6572
5044
3906
9769
291
7624
705
1292
3794
1369
6347
2464
1470
2942
80
3159
4911
9680
387
497
4179
3055
9334
6303
3367
5701
1733
696
6697
7615
9410
6219
9144
2424
4321
2070
1693
9976
8308
4534
6446
1486
474
5952
1503
1977
4147
6624
6572
4574
6231
3232
8582
9653
2312
1852
2106
2996
6933
3763
7896
3440
9473
8752
8593
4513
1363
9017
4498
7622
8303
6856
9073
25
4901
2457
3494
420
312
67
2876
5204
3554
4842
5800
8860
4294
516
7273
9837
6998
8331
1392
8133
2886
754
1074
9350
177
1676
2635
809
2602
5801
1702
642
7925
2514
2954
5462
2424
2903
375
730
1996
3527
8354
5773
6488
5168
1213
1849
9408
1224
3210
4582
873
2283
7377
5520
3201
8149
2752
6714
6173
6802
8995
2002
675
932
3652
3991
6313
5830
4100
6392
9565
1759
2555
9647
3782
3800
6445
6271
1707
2465
7630
8137
5571
8513
2935
2149
8476
2509
824
9439
2128
7643
3024
1616
9877
6791
380
4287
4260
198
2652
743
1565
745
5740
9435
3048
3988
4594
5351
1503
1888
9955
8312
6634
6973
7819
1679
4107
3100
5548
18
2796
3996
502
2004
9557
9603
1721
7095
2226
5248
4807
7342
7204
7663
6269
8247
7607
1196
4691
7417
308
6987
6514
1547
7400
3079
9509
7094
6565
1466
2180
3643
2487
1117
2781
7303
2105
3152
1747
7318
6457
9804
9516
8598
7450
1191
757
6126
7225
1544
3177
4110
8626
5067
4658
6744
3187
1831
2895
4688
2385
3422
1462
737
7498
4917
1388
3888
2747
2725
8323
9556
8579
7809
7603
7462
1639
4282
2381
5573
6423
5199
1131
4845
865
9400
5532
1433
2997
8884
7503
6839
3705
3522
3469
348
2270
893
6956
6983
2306
6812
337
5338
4967
1097
7302
198
7475
3087
9804
486
634
2986
9810
5119
4266
9226
5767
8374
581
9480
269
3698
5492
2284
991
1220
5993
2430
5828
9589
8902
3707
468
351
1212
6618
1482
3614
4423
800
2715
1688
40
849
9574
3738
6131
824
5788
8949
603
6745
2
5962
2778
37
613
1794
7077
5261
685
3553
6254
2139
9653
2747
2124
8141
7657
5063
5849
8275
1825
5235
1275
4316
8190
4520
6597
907
9811
2544
9710
6160
5686
406
1731
2004
9942
7437
376
3013
7150
2963
9220
5107
4315
9302
6190
2858
747
5208
5187
1713
7175
5807
186
2338
6371
129
1401
8764
4771
4398
6536
1093
8176
1582
278
5987
379
7677
7196
1661
9952
6291
1647
4349
2975
2025
3882
313
8616
793
8699
2210
8757
549
3532
3453
1164
6539
1877
1345
9700
7752
3392
4495
1272
5658
5790
5752
8811
1738
3592
9532
6763
1482
6823
335
9640
9851
2120
2401
9927
9107
5483
670
354
5229
8363
5779
5330
4736
3891
7106
6352
4469
4574
9976
5112
1043
1856
8269
5919
3005
9299
2843
4358
8095
9797
2274
3807
3109
7040
6140
4592
2445
233
3965
9542
6381
2638
3629
5196
4552
9978
1545
268
6109
5290
726
5541
9456
8741
312
6174
94
3271
5698
5226
699
1215
3646
4300
4590
6762
9200
6092
4719
479
7702
4923
6399
3533
5363
5571
3593
7201
6124
5251
3928
1037
7826
7514
1466
1237
1858
9537
4707
907
9017
5422
5476
94
6667
5430
1246
318
3302
3619
7618
1044
8994
3350
138
208
9997
367
2781
5458
5508
8891
3343
5453
7476
621
2647
5272
4386
9760
2086
9591
4375
6715
3621
2746
6753
8070
9725
4261
3590
8236
3372
3424
6458
2706
6615
5503
8898
903
1883
244
4169
2572
2233
4163
8228
166
1890
4071
8114
1618
558
3155
5702
2744
6867
3852
3591
8579
836
6053
4791
2880
3064
874
1907
1893
7309
4242
8555
3140
140
5423
9779
399
4334
4775
3753
7790
9696
9224
4760
911
6451
4647
4812
1790
5800
8154
1142
7110
5082
2375
2291
6198
5547
2252
1432
6375
5092
7697
576
445
8407
2155
1514
5804
4151
5810
5612
2541
3275
6853
4781
1697
4718
6332
338
2309
6011
5998
6567
2070
9895
4660
1056
407
7455
7549
5392
4337
2532
9124
4457
827
5316
4432
7285
7706
2043
3306
2182
6410
1450
9748
137
1821
2774
6920
4336
4628
4708
558
5759
5660
6868
5250
8407
6203
4267
8517
1810
7755
6358
2691
6510
2469
8347
1846
9278
8818
6370
4217
5260
4958
9125
2463
5988
2926
2196
4340
1213
9251
1340
7844
1657
1104
7288
8475
2320
617
4776
8045
1287
2396
8529
7319
6471
5428
7221
9589
107
107
1349
7477
9001
2224
676
684
4533
2138
7022
5736
4963
5788
1433
6694
7628
9881
2139
7877
5890
857
12
9083
2087
2285
2397
1142
891
4399
3273
2917
4965
3566
9195
8472
7140
1353
2096
7397
3941
4841
2687
7469
232
9556
3830
1550
4079
7263
6566
3450
1799
8772
8161
2952
2282
9701
2707
5978
4211
4255
80
2686
6707
514
748
4569
6836
2896
2689
6721
3885
8516
4316
9577
4021
9446
680
6915
155
6780
2640
4401
7845
3618
4111
8268
5911
6253
4970
5625
8759
1740
5600
2585
2463
9456
6545
6815
9298
4814
6765
7304
5539
3363
1198
4086
1218
2823
4681
5661
968
5749
9361
1922
9717
2058
4365
2016
5752
6268
3322
333
9215
1005
36
9132
3631
8224
6817
1012
1926
4171
7486
6162
511
605
5086
5002
759
6162
9072
724
3134
9749
5425
5349
8223
2629
5971
8474
3315
7867
6060
2332
2610
6379
6897
8913
2044
5673
5956
1103
6168
6510
5787
5911
2987
2491
1892
7247
3307
573
7638
7872
4772
5378
3689
4305
3755
1274
9289
3060
1617
2962
9479
4768
1098
1293
8545
2414
6574
8916
8050
1320
6896
944
5917
6463
349
7828
7222
492
8039
7344
5778
8473
2739
3028
6704
2096
7360
8578
2456
8484
5178
8952
2963
8304
7485
2124
2346
9117
2061
8856
4116
6807
8565
6760
5435
6098
3183
913
5310
8089
7556
2405
8364
6727
9860
4116
1183
5706
2439
5301
9687
5828
4485
7029
9433
4516
1396
1583
8983
5172
4848
1886
9329
4692
752
6191
2445
5928
7415
4297
1155
8141
9575
6321
4652
6898
3229
5546
6301
9637
4745
4074
2974
3467
1532
9411
2128
6963
3111
5327
7981
4029
17
3725
1330
8551
921
5036
1131
9897
1101
2629
5614
6898
1403
4303
6139
4386
8678
781
2626
9306
684
7706
5925
8144
9813
9335
5056
1191
2494
6420
1110
1967
6918
2814
6382
8409
6120
4808
686
2013
7643
7741
2006
895
8231
4500
400
1888
777
4309
3190
4881
712
8108
4389
9437
6025
1068
849
3655
7296
9797
1754
8098
2568
4152
8749
9040
4053
8890
1917
4653
872
3560
7811
7580
370
1403
1091
2162
5596
3340
2418
7442
1479
137
293
9753
6672
2664
7372
2795
390
7803
8303
9902
9327
8228
1319
6133
9239
5307
640
3023
3355
9503
2973
3618
485
5210
6877
4641
7945
9943
4429
2822
1983
520
6110
1564
5921
2131
8344
9036
7000
7421
2463
4922
7219
4858
6677
129
9624
2259
3216
2397
4701
3241
8829
7655
9128
2457
2501
7750
8598
609
3039
3299
5274
3394
391
8478
518
2342
5486
3712
238
3044
4785
768
539
3809
7102
7914
2734
2585
7620
3645
486
1775
6410
2020
9203
9857
8787
1047
2603
9456
6225
371
6126
7534
2232
1399
4869
8889
1908
2912
2800
3703
8062
6184
2320
6946
1802
2826
1218
998
4068
3241
9485
4824
6445
8257
8734
1530
8800
4158
3746
556
1658
9212
7827
1893
8505
4063
3191
1155
7652
9172
8038
8607
1164
7208
7098
1620
1378
7415
2843
9617
1625
7719
3052
8669
1052
2663
864
9003
4451
5074
7314
1774
1170
9752
2627
1759
4931
8574
2900
9548
5222
1477
8887
8835
1813
5481
8145
672
1661
3451
3267
3507
7130
6449
201
7846
4817
2444
3858
5677
964
1850
1794
9230
6290
8366
4052
899
7773
4333
148
9966
8512
793
8940
7340
9969
5475
7469
9037
9875
4685
4960
4068
735
4398
9757
5146
6484
6793
8333
9591
4108
2608
2715
8371
2705
645
9056
9418
8304
1874
895
399
1116
4538
8605
2786
4439
7263
8581
7140
173
3012
3820
2874
1441
2134
976
2689
1723
1351
22
8962
7426
3835
4341
7366
8567
3095
9709
7595
2178
1798
5996
6023
786
6574
8946
5708
1807
979
963
893
1937
618
2557
8912
7718
7521
7386
5316
8672
3741
5320
9413
6078
7619
4136
5406
3421
5275
7668
351
7293
2002
6116
6879
504
5519
3378
5747
1969
5128
8365
1071
410
3366
7307
5804
2425
9559
4019
1659
4091
5266
4666
2905
7464
576
3835
1012
9274
9353
9708
13
7625
1516
655
2958
4648
900
439
1022
902
2743
508
2867
3293
800
1024
1815
655
1776
1874
1374
9970
9216
4691
2646
5065
3226
9448
2656
9526
7785
3263
3550
7692
9438
4981
814
1754
6996
6551
3222
9589
758
1384
3568
756
7216
7314
2616
9122
1604
6224
7907
6927
5326
8844
9875
1208
617
7413
8137
7273
6707
5347
2570
864
462
8734
8020
52
9001
4955
2514
630
639
952
8719
1590
3358
9371
5752
6777
8235
5541
197
3577
2548
5693
7081
7694
6165
1211
743
8076
8703
5329
8856
9981
2118
4753
7642
240
9626
2315
9867
8865
7753
7909
4887
7052
9186
5505
4478
4188
4765
2569
8202
7161
1818
1694
5855
7938
6119
7521
323
6118
1109
6001
6064
2265
4765
2919
2072
4405
5263
2111
7497
751
6460
5224
6897
9788
1109
4684
8387
6932
1586
8788
1210
4614
2216
5654
2430
3132
9557
65
9445
8047
9405
6971
5260
2718
8827
9080
6421
1564
8752
1246
3955
4984
559
9063
6132
7680
4749
2694
7247
6664
1923
7181
8462
2568
5878
4271
3213
548
8392
5762
4
4672
9360
2967
2145
6883
5864
7820
2362
3195
2149
3441
5202
9106
2844
2635
6697
0
4947
5974
2697
8353
134
3934
8526
9047
316
6591
6485
8003
137
8571
9385
9264
7652
9372
9834
849
4731
5227
9823
2173
2262
304
7373
3975
10
2347
2024
8483
5760
3315
2089
4741
2341
2269
8225
4540
562
4015
7934
1088
2366
117
1531
3720
2947
1155
8845
9551
7118
6124
2523
1063
9579
8563
5709
8222
6049
6113
1032
721
7690
8630
6344
1886
1334
4147
9872
3694
2560
5831
655
4243
8257
7368
339
7934
7587
5636
4338
5701
5849
6841
2438
6595
8269
66
8393
3792
553
8883
6434
7842
459
951
2094
1924
8899
7495
7875
3622
4238
6446
2384
9685
3816
2187
7337
7660
8670
3559
3346
2555
5506
2440
2570
728
7250
9013
5482
5939
8714
506
9197
4063
3001
8894
2306
4765
722
8979
6592
58
5509
2622
8267
2941
653
9016
8468
1114
4202
5252
5845
2218
7346
3954
4172
4046
4659
4723
1671
3233
5789
6174
4082
8830
702
4498
8429
6403
5325
2301
6946
3972
9963
9005
8085
5619
3207
9957
9005
8974
2481
626
3682
9033
1617
9454
599
9598
2313
1637
1833
2018
2632
1511
6872
5754
8161
6621
8247
605
1291
4366
879
492
410
9828
3497
4335
3214
4155
5243
546
4410
3018
3345
8961
8007
7446
9616
4591
4010
4851
5480
7485
164
876
8840
5368
9193
7541
6951
4452
36
3582
1360
6136
8872
7211
1868
1786
3545
9490
1735
7597
3948
8117
1500
5736
2429
6240
3858
3161
0
741
6763
9834
442
5670
586
5138
6832
3587
7141
1103
5808
9861
9612
5426
6591
1162
4137
6748
9906
2578
9592
3288
3201
1192
9449
3640
233
7350
1443
1909
9746
4642
4475
5345
7280
7725
8197
4991
557
1743
8826
4262
3991
6315
7884
1506
1253
8504
2486
235
5296
1538
9879
6010
9024
8174
368
5801
1301
3790
1515
6058
1927
8708
7583
3611
5632
8681
8786
3480
1832
6880
6654
2641
4497
5863
2215
9982
9764
9486
7131
4881
1083
460
5755
5547
4721
7342
7610
7585
5575
7312
1475
6064
4441
209
4160
1999
6048
610
488
4388
3033
3456
7144
9337
5606
4626
2438
7856
8243
1173
2306
1093
4235
4934
3101
1379
44
2095
9166
5978
9673
1174
2515
3776
8863
1538
7989
6725
9146
2624
8000
2891
1288
8277
9761
2453
5662
7460
8336
7359
9258
1282
272
9823
9017
4825
7125
7147
6729
954
437
2971
9202
4598
9618
736
1521
207
1959
9014
2837
7034
8737
1093
5709
1576
5840
7870
8609
3493
9022
2116
129
9888
7311
872
5291
429
8522
8954
193
2023
1463
9405
905
1082
6025
8187
2423
1616
3598
6168
1704
425
3908
6331
784
401
1358
5850
1223
7821
7400
2678
6320
9414
503
1815
1290
9081
6245
7065
602
6830
4155
1127
4360
88
463
8758
793
7980
609
6038
2093
8117
8513
1796
4058
6919
2467
8899
8649
7043
6325
2061
8047
2939
2640
8005
9775
4087
5805
5902
1805
6486
6138
5601
1974
8121
3757
7547
5071
7708
8105
2549
1483
4166
3039
8681
3985
6724
9958
5601
7789
3729
749
1905
7510
360
5617
6408
4640
3021
971
2355
9635
7225
4139
9764
8987
9348
9451
3809
5681
488
301
175
4650
4132
7302
6800
5471
6686
9263
5083
9453
253
1114
9083
5053
4997
1506
9002
2614
6660
6534
4704
834
397
9527
4934
6239
4979
4880
6496
3959
2200
1590
8395
4738
9542
3839
5667
5402
2638
7688
9785
4511
3888
1650
4626
8540
6986
9788
1075
4954
52
1079
9227
9667
2475
1078
7442
1866
7724
5636
8721
5993
8308
3771
8306
7723
6197
1746
4490
9883
1692
8246
5459
9437
4481
9309
6495
2284
4351
1815
3993
9587
9748
1445
5294
4079
2283
7743
6925
5140
6264
1104
523
4320
6628
517
1546
6877
5866
5606
9403
1467
1616
3060
5633
5229
5082
3140
6808
4275
3003
3578
9670
6200
2734
2730
7505
1229
6533
346
9105
5397
8015
1692
1639
690
2863
8443
7534
6608
1818
3796
704
4689
834
1656
2684
9561
241
4910
2919
7258
8439
4014
7793
5619
5800
3819
154
260
4288
7120
4709
4806
4665
6063
1499
537
606
7734
8995
4157
8832
8484
8384
4996
1817
8202
6764
4632
3247
5716
804
7658
1276
3930
4131
1499
8939
7394
6163
1230
9733
8169
6081
1133
1101
9442
929
4043
265
9822
7507
4058
4883
7325
6596
2590
462
4275
1335
8242
6124
6606
1669
3881
2783
6007
531
4792
9183
4391
3684
8946
4940
6540
7806
2211
2021
9773
449
7842
136
6938
6885
9216
4986
4535
1955
4118
9481
1626
407
1023
5168
7955
5348
785
1051
5868
1081
7586
1228
4001
5027
1896
1565
4386
547
8705
9783
4327
4737
5012
1938
2563
9793
5368
2894
9819
2469
5444
2242
5577
1299
9207
2643
1164
4137
2441
2055
1010
8718
9265
5113
1977
6666
3320
9152
6803
3816
2413
3788
3096
3707
619
5905
976
6672
1080
5559
9441
8611
1648
4464
2693
1876
1858
9548
352
7258
2136
2426
6337
9688
4813
5776
9559
7536
138
2364
7990
9366
2433
2172
5401
8662
3406
8459
2170
6809
522
6973
2384
5011
4258
6989
5881
1616
8104
1156
8968
8097
6840
77
4160
8018
4814
5191
1778
734
8486
5451
2323
5028
7923
1806
3282
5067
4101
8377
3544
7268
5157
7095
9729
464
1250
3007
2682
6706
5441
3171
1484
2501
8272
9112
5896
3809
2684
6839
7458
6282
948
6083
6051
1946
9181
1068
8106
3617
9879
6787
8835
2890
4816
7391
2507
8991
5352
9135
6355
4943
1429
3873
5091
479
1832
5987
8672
7711
1903
7400
8144
3902
4860
8749
1134
1809
6566
1532
3962
6400
9902
2705
4723
129
4933
5291
1079
3242
2972
3269
6490
209
6460
1974
6309
8966
7672
9509
8721
915
1551
593
1940
7474
1238
5825
331
2384
3270
4583
1497
2433
9777
266
5295
452
1003
2500
1293
1096
9735
6729
87
5855
9295
457
7147
9058
6856
840
2450
693
6309
572
741
573
7547
4806
7651
6447
8085
4805
9616
426
8792
423
3744
1400
8586
2226
20
1825
7711
5954
7091
9617
5988
5507
6173
4315
2432
4562
5372
2094
919
4063
1932
935
3233
8310
669
2854
9867
5518
1015
8789
988
7552
6205
8295
4378
5340
3460
1630
3725
9737
3782
4240
965
3117
210
5226
3896
9308
5943
6245
5727
5459
3921
5992
6961
8535
9906
6542
304
4313
6645
4554
9619
1149
687
5304
2371
8060
7766
9174
8282
9223
9383
8547
1480
9708
1571
6438
5496
7134
7258
2050
1139
3424
8907
105
3844
1106
521
7454
2220
4751
8482
2752
1622
4758
2605
1604
2157
7032
5650
4513
1100
3441
4991
1906
2087
3211
1895
2296
2393
2447
7053
4494
5933
894
114
4561
8208
1231
5083
1615
2967
4665
9527
4271
3149
883
2016
5218
8928
409
8079
168
8349
6546
9109
1462
8472
8593
8311
1302
8961
6473
7705
1872
8948
8468
1791
7576
831
3701
8032
8360
8265
2316
6572
7999
9569
6075
3615
1946
7940
2311
9814
50
8180
5041
418
8742
6389
1253
4507
8890
4329
9394
8998
7488
1855
2091
6442
7063
4472
2270
1215
4801
3898
8547
1896
1449
8232
7543
5043
900
7282
6666
6639
7767
5192
549
3933
4746
7189
3632
6890
5724
1306
2675
8124
6263
4696
2603
7594
2324
8338
9200
1121
6898
4019
1861
7108
7364
172
2079
276
1737
3408
7833
2593
9392
3203
2583
7615
6554
9520
8602
1196
8322
1914
3972
6913
8123
4806
652
2568
2362
8087
180
9949
5620
2842
7801
3767
7112
2867
7131
9001
192
71
4446
2740
9620
5244
3007
6832
95
3166
8843
5883
8438
1859
4989
1840
6311
7889
2854
6939
8638
1358
8786
700
8014
7416
648
2762
4526
1319
6962
7243
2545
2160
1103
5937
5611
8027
3269
6055
769
5207
234
8732
1984
4364
8085
4015
2912
9713
4561
76
1242
2239
2642
2085
4440
7622
650
3237
365
1439
2030
1201
2853
9089
3909
2064
8685
5784
1009
2701
8358
3859
2929
3018
1798
6332
741
262
2256
1646
2628
9602
5493
4034
5563
4689
3035
1706
2327
5359
9549
1122
4069
20
6787
8644
471
6488
9859
891
7914
6057
424
1866
278
3034
7650
3885
2790
8207
7518
5120
5416
4166
8104
6495
5415
9272
782
7982
3399
321
9462
1946
8240
3643
2259
1439
7135
1138
7076
476
3561
52
2302
7572
2674
6871
1771
6822
9182
3951
9651
9935
4485
6208
5482
4126
6252
1233
6905
7593
1393
7570
8881
7470
4823
495
6030
924
6211
8965
5209
883
5414
8789
5408
457
6477
3639
2250
2463
9989
2704
8453
5955
8435
9191
963
9575
3411
5077
5013
4514
7038
5883
6278
3238
3682
3640
2635
8914
7053
8410
3288
2136
3289
1013
7239
1761
6783
7938
7942
9040
405
7082
8734
5877
1833
9300
2043
3011
1187
1019
953
8323
9798
3987
9819
5706
2568
2477
2690
1753
2211
1705
2812
6244
2122
7339
298
6629
7423
930
3559
6769
740
9877
1382
763
7985
4814
8683
1048
5158
1147
9421
1427
7873
7171
1834
3314
4354
4887
123
4153
8509
7641
9434
1661
9200
1328
402
7499
9270
4796
6277
5082
6427
2984
7827
6207
1697
9502
5002
3983
7090
2191
121
1834
6503
4514
1578
6486
1496
7853
1103
6426
5973
7730
5740
6060
9701
5644
4981
9645
3628
7210
2969
7091
2482
8475
2815
1703
6514
8155
2048
4097
5569
5517
1606
4848
4128
585
5235
6558
2642
3000
6181
6180
1666
46
1241
9098
1151
5894
8173
6705
8841
2404
1898
7893
1809
295
4402
4045
7484
6590
566
2884
4297
5437
2971
4141
691
976
8686
9619
4952
2127
3686
2159
1387
5378
5145
1341
8967
6791
1265
2385
6453
2866
1024
1798
7968
8100
8418
5623
5623
1647
8227
1058
402
2600
3857
6217
7641
606
4738
8203
4546
1675
9721
7635
1369
9385
821
8111
916
3222
5018
452
2280
4875
8004
2335
8566
5113
6777
6127
8986
1189
1327
3009
2294
3366
7215
412
2394
1580
360
4063
4359
2723
9238
7016
420
2136
1332
1175
4352
1948
1807
8577
873
199
4653
3945
4637
7503
4703
9148
6062
4104
9699
7883
1803
3198
6541
8895
1102
8097
2214
2632
7984
992
2197
7542
547
1338
6670
1516
2817
2672
9016
6194
5521
7167
6948
1354
6795
8845
5194
5573
2380
306
3494
5735
8651
7737
1411
6664
6956
2614
3894
4092
3061
2378
175
982
2496
1877
987
3800
6673
6971
5646
1102
1016
2363
6095
4668
776
1820
7332
6356
6665
3496
864
4141
3836
1726
9178
7088
9118
3074
8688
5077
6190
7416
2523
5774
8513
5201
8132
7442
1398
8293
168
9469
8118
626
4696
7045
206
9283
7972
6352
1920
101
4121
8821
87
2854
3273
832
9946
6750
8506
1434
8018
1283
3601
4888
2351
6551
8880
8306
360
261
8206
1991
1858
3357
5046
4255
3828
1499
51
2177
2648
8639
2506
3015
8643
3448
4904
6926
1609
9170
494
9922
4315
1026
9386
6890
962
9423
936
8704
9281
6676
2088
500
6006
211
3602
5121
7201
3372
2584
1583
6552
350
9418
6411
6938
477
1360
1700
2242
1349
1491
7591
4271
2174
6397
414
1106
2800
1699
2932
6231
7673
5759
1356
296
1869
6515
6610
9310
4445
4059
2386
5609
7499
3490
9609
1986
5549
7704
2617
5951
864
1426
2400
1127
1054
1698
7994
9975
7763
2729
1734
7172
6333
6474
4823
5969
34
9633
7676
8723
1671
7348
8002
3299
8910
1977
3497
8692
447
616
1668
1111
3546
6530
4293
1547
2475
2898
3928
9032
5343
2514
9534
5950
375
6498
8461
8537
4667
7429
9254
1896
6641
332
4680
6302
1662
7367
7107
1544
6059
6248
1983
4833
1788
3355
6894
1779
4813
3684
879
8478
5901
6471
1044
3230
4928
6941
2663
6711
2288
2374
424
404
5588
9738
1498
5570
8323
8004
4223
2918
6218
2369
9521
2966
7933
3685
8579
422
7691
8288
4343
7249
5285
9711
6353
3099
4224
9461
3419
709
7672
2796
3322
5409
7687
7302
7601
790
791
3001
5077
310
9396
1755
7538
94
9190
9001
1404
6733
1533
1486
8183
8553
5902
4275
299
3695
5438
722
9554
2249
3852
7791
5460
5957
8451
841
3270
387
9215
7325
9118
6335
5937
1564
7658
2304
9950
2174
3873
5088
2477
8599
8025
6030
2880
6361
2475
9344
7618
4538
2725
1788
7651
2312
1870
8985
6336
1482
6079
7057
2006
1176
9472
8730
3591
2894
4337
7190
3934
5773
2010
6679
8528
6562
6164
3127
7909
4635
5082
1191
2757
1431
2954
1286
4150
1006
8497
8245
4437
8129
9206
6696
1362
3379
6789
2047
289
6760
7631
5542
5886
9293
2751
6122
5105
1784
9425
6493
6466
6385
3374
8268
6415
3537
4795
8671
7756
8217
6035
912
7722
5767
8657
9472
7739
757
2627
9798
3061
6419
4892
5193
8805
9158
5017
4849
2262
2288
230
4280
6754
6897
3521
1959
2631
766
1167
3374
62
2450
8861
6516
1336
9923
3274
1520
5386
1526
7764
6775
1883
8437
1840
9943
3948
8720
1406
7715
231
6642
6604
3376
3530
85
3673
1535
1782
9112
589
3565
7523
7440
3336
1399
2295
9437
264
482
6807
8063
7727
1193
8605
2696
7027
2328
1898
1028
6504
9161
8349
1190
9403
4941
2581
9556
8432
8622
9956
5111
1647
1682
6548
12
2266
8098
3326
3694
1363
5500
1065
2439
6187
8086
2480
2388
1838
9156
3192
3289
4109
3211
3360
8357
9547
6103
5177
8615
1613
2730
9576
3073
8524
598
105
7756
445
5965
726
8157
9443
4455
9945
9190
4338
8676
1871
1248
7719
434
461
2407
4471
81
4951
1110
3557
9957
4686
4725
3480
188
474
6160
2700
2993
2185
6890
3575
2240
967
530
7439
1194
1790
1477
7051
5467
6383
6324
7255
443
9058
6679
9820
9570
1915
2961
6319
6640
1662
5046
3513
748
8195
8075
2327
7514
5037
3325
2114
9282
696
5669
1121
6607
3201
2154
1182
7157
3659
5208
7559
2199
895
9632
3302
8296
451
9039
4483
9488
8750
899
5944
6513
1851
299
1781
8779
4700
2670
5733
1804
1201
7903
4624
2012
4570
9312
7267
9257
2585
8805
9645
7454
603
8954
5580
1833
1400
1175
1367
8877
1320
530
381
1941
729
3158
4878
5674
5471
4692
7784
9639
2875
407
9381
8538
4544
6892
5058
5166
8385
1329
6291
9463
4910
6493
998
9806
5777
8353
4821
8382
4068
7422
9488
6606
7062
1991
7194
3056
5438
8855
834
505
1822
4134
9654
7745
2795
1304
9059
3405
3692
7543
1408
220
3266
3794
347
9727
6471
9030
8292
317
4410
8140
4073
7973
6649
979
5441
53
944
6016
9437
4474
481
6114
844
5465
2788
3115
4686
4846
1314
2748
1740
7683
8908
2096
6405
4228
3778
6045
828
6800
6320
22
6928
3090
8235
2084
3628
1760
2125
9493
4592
3972
4237
3926
5647
9034
6243
8125
2108
1017
8698
1098
1326
9621
6103
4032
8395
1060
5401
1710
1540
7616
9265
1795
61
6892
740
3345
4129
7547
7374
2305
3747
9309
5882
1223
2360
1755
5903
759
9635
261
2397
8984
880
1466
137
4697
7525
328
916
2721
7910
9589
2035
3579
9161
2205
6651
578
2153
7212
3339
6089
6334
5918
4543
3903
9341
8437
8305
5136
8636
8812
1906
4415
7337
2922
7322
3347
1452
2792
77
783
4713
2742
6143
6263
7434
8667
9704
2912
2973
364
8763
487
1002
1583
5060
9477
552
2624
2704
5073
5856
8020
4130
406
4305
732
2227
8934
1510
6028
7273
911
2325
6909
6892
6590
9002
6575
4437
5554
7459
9811
9575
994
7309
9208
4146
3233
1087
6596
3221
8544
2789
4358
7845
8821
2688
9306
444
1803
1020
5500
1539
8666
9490
2352
3378
1000
7199
8577
3863
8720
2085
2633
1030
5570
9568
6817
3153
6540
2268
6905
1160
455
149
2186
6466
9300
1758
90
6892
297
8054
4560
6545
8455
9480
3608
187
5630
4579
5209
7337
4243
618
1877
6641
4640
1308
321
840
8540
7621
6070
7152
2638
5094
9912
3585
2028
5316
501
9212
5848
1597
6143
8907
6926
6704
3949
8461
3543
8444
3823
9920
6194
7961
2097
944
7251
2503
2450
3376
1692
9668
5349
7318
2155
1234
2135
4667
500
1064
4994
3299
657
7079
1074
4346
2343
5632
5383
7600
1963
1476
7962
247
7493
6316
6579
2266
2147
2346
9354
1568
4529
2064
7500
7105
1928
6928
272
5352
9829
4003
5691
4378
2779
4686
2529
5990
7979
3569
8653
5261
7811
6642
5219
5428
1604
3482
116
7191
537
3710
6769
3633
597
1297
6788
1914
4572
1448
9163
3151
1829
1966
4518
5928
8270
1048
1572
4374
5953
6188
8777
5660
4934
590
3842
1679
5304
2859
6236
561
2252
4218
8321
6890
9519
3919
3444
6472
7936
6049
7696
5753
9934
8383
9372
9686
9043
9247
1618
1907
3393
3687
3969
1268
4108
9184
4431
9858
3144
679
4434
3773
9588
709
4449
4372
4232
2082
9206
996
8491
1205
5415
2718
8120
2287
6885
8412
5009
1578
1205
6708
6276
7404
9486
2813
3037
1968
5473
994
5757
470
1248
3718
1770
8169
1784
983
983
770
4544
2261
2405
6603
9751
3780
905
2775
5193
8657
4704
2320
3987
466
8353
8737
3783
4817
6354
6006
5042
7993
7086
4128
6412
6609
2181
4637
6543
3498
3796
567
1436
2532
5542
5611
2186
7782
8891
1774
1168
5229
1897
9435
8741
7812
6688
1920
9590
2821
8386
9274
9096
6703
8851
1917
3935
8617
9437
3529
4526
1638
7
4889
592
633
5159
3582
390
6506
454
6811
3185
6729
6211
2866
3827
8019
1658
9552
5601
6164
4854
1732
8716
2076
8852
8629
3793
2468
5243
5781
2189
4226
3033
4448
1460
8107
3743
5082
1620
3609
48
8248
5590
2781
5270
6237
3797
7767
4182
1528
2017
6900
6709
2556
102
3702
2666
7425
7465
4682
4837
6009
1107
3031
4065
1093
4994
5827
2407
3896
5484
2922
9907
2044
4229
8497
858
7924
4482
8375
8492
3346
542
3645
3527
4602
9038
4120
4716
4295
7937
7269
6550
8045
5210
1692
375
9502
880
2920
4725
4720
2245
150
8342
1455
6454
5547
8920
7215
5139
3035
9365
6101
1616
8808
116
5479
1963
504
7202
8064
1391
8794
3939
7705
3544
8490
4244
4420
312
4003
1203
2539
8985
5636
1442
873
8355
3862
5095
918
144
653
7655
953
1647
7517
2677
6473
4902
6367
2869
7621
3820
547
7494
1717
7510
1880
6799
3424
7680
5787
9273
479
6206
9901
4142
1986
4755
7160
1952
6753
689
6466
1997
4662
8546
4227
7105
8090
7304
6468
540
2988
4416
3144
1862
1561
9164
2192
2480
9688
7184
2169
525
3654
1229
8104
9154
2082
9213
7418
1753
4425
8622
8661
4332
9588
4499
8883
6224
48
2663
6368
9583
4255
8339
2689
1387
7933
145
4391
3504
1990
690
1909
9017
6390
2030
46
9734
4049
9562
7635
5389
2852
911
1756
2686
2619
4888
2452
7019
1285
5131
106
2679
8805
556
1845
1806
2442
9983
9159
2630
9169
2637
3718
197
5001
1704
2935
5219
839
4066
1835
8977
4635
9643
1519
90
4547
9370
2463
1705
9951
3982
827
283
7925
6469
5996
6854
4214
7788
744
4234
2896
664
5636
1975
3941
7397
1386
2720
1004
3565
5068
5567
4359
3723
1751
5656
6229
6336
9163
1122
7880
838
6314
1699
7433
5748
7087
6123
6059
561
9105
2165
445
5612
8424
6425
7956
5211
9120
965
5929
9330
3404
2366
5822
1015
7500
4577
8583
148
2129
5806
1655
9676
7296
4008
4280
9570
854
4438
7231
5958
539
1886
4687
897
9402
2546
2701
8067
5568
5387
9828
1371
9475
6278
2042
7895
149
9820
8130
2204
3657
5990
1540
5128
3605
7601
9946
2310
5752
782
1740
5683
7054
9405
5790
3135
4145
9035
3048
4005
6499
1337
9750
6734
3098
8368
9714
6930
1259
4897
6991
7105
2602
6066
9783
4178
2480
3414
9815
5386
6798
1067
4504
2095
2529
1274
2290
7677
2022
8747
5853
8953
624
872
1112
8436
1720
6626
4749
3042
9797
6633
116
8187
8844
120
2312
6162
1337
8463
1031
3412
31
5366
5197
2675
2716
1822
2787
8612
3425
4234
4420
8422
1296
4894
3857
5461
9974
1511
581
3501
3836
699
9755
5826
521
9170
7039
5535
6698
309
4642
5278
9748
1750
7170
4488
6312
6992
4249
4301
4233
2209
5733
5814
3739
389
9064
3832
1820
4868
3249
700
4391
2239
9291
6366
6790
8391
1092
7410
8024
4287
1760
5838
4036
1379
8527
8020
3885
505
940
1838
9654
1846
4296
2415
3352
2116
7879
2775
6705
1011
4617
2151
4351
782
4939
2118
7838
2655
5279
3715
6654
7350
793
6988
6472
646
8284
575
642
3856
5493
1519
4850
3715
8293
6330
2943
5380
7045
5784
7870
2875
9157
486
6780
863
213
6899
7639
3763
7928
4266
8562
5920
4054
8290
9960
2869
7441
4579
1968
157
602
3450
7074
8080
2356
6318
4426
1564
6137
2324
2346
4165
1629
688
3845
3098
6992
1565
8425
3210
5511
3999
9900
807
1149
1879
2891
8299
8982
3110
7887
4760
4564
933
9072
2132
334
6261
9886
9828
2029
595
2654
1672
473
1166
658
8648
2756
4636
3453
1117
9253
201
1461
595
1751
322
1914
1341
4035
8833
3061
1866
8508
6010
1844
2759
825
9621
1590
5413
8264
8605
5106
7420
7809
1608
6973
9215
2281
4440
9771
8370
6824
818
3141
1642
9437
7692
3004
8869
6784
2300
6797
6218
9160
7759
5718
1009
3342
520
8136
4101
7378
2025
7037
361
6045
7894
1643
9818
5943
5272
9914
8947
2345
3376
3315
6390
9541
2333
7626
6378
4021
3647
5805
3104
546
2925
973
4859
6614
2660
1068
4991
3043
8032
4039
840
2965
2720
6471
8782
9718
7397
211
2056
4689
524
9464
3359
1305
5789
5499
7364
5594
3666
4206
1125
5056
827
2753
1980
1352
7633
6571
488
4531
842
5498
4432
3874
6670
663
4981
2414
5351
781
3831
3639
7262
939
3307
5728
6643
5672
6716
9496
5500
3527
4960
7916
3987
619
1436
4715
9385
5469
778
8411
639
1819
873
522
5447
2531
3366
2903
2406
1
4570
962
9245
7269
1380
481
6680
7144
3481
5701
4647
4401
1529
7181
3659
8995
292
3081
9747
8761
9356
6849
807
4437
1292
1111
9876
564
3897
1193
570
7270
4265
412
4482
8157
2194
7766
9189
1012
9171
3403
4489
7635
2136
6507
2604
5024
1466
2041
2902
3783
5798
7614
7306
269
4816
287
5901
7890
8151
1821
3354
3013
2602
3884
3334
2412
4747
5382
6192
1092
2227
1008
762
4214
7558
9613
2318
9643
345
866
8155
3585
225
1307
991
8334
9197
220
9050
7812
9943
4921
3008
5910
5127
6330
4047
9018
281
3961
6753
7759
2480
606
7092
1457
2955
3053
3033
7579
2006
814
7162
5853
532
1358
5295
7598
9116
1220
5506
9971
1937
8999
514
1200
919
5309
4453
1598
8883
9735
7602
9646
4994
6268
9454
2397
1261
1746
2020
9049
155
5124
2234
7379
3463
1265
6850
821
4484
5585
3807
2486
110
2621
8361
9611
2147
1439
5810
5649
8418
9000
5273
872
8994
1281
8943
9170
422
7908
6985
8060
9263
716
8037
5132
3539
122
1024
7324
3837
4826
7607
7046
2677
7189
7773
8433
6210
711
6188
9610
60
6420
9503
422
7863
8151
9008
1319
9997
2123
9902
9645
6891
958
6049
6255
8591
8163
7457
1915
944
2439
2915
8282
2238
6933
5941
439
7436
9406
8781
1026
1068
3955
4301
4464
1913
3061
3753
5797
90
576
8716
9860
5830
3970
6711
9766
9763
7378
1756
7657
5428
2831
6395
8235
6402
4455
7099
2200
1545
4714
7435
3152
6471
1933
9640
5725
6688
6947
4098
6963
8582
1209
5643
3016
3032
1553
1743
6550
8744
8129
8266
9711
4913
5164
1527
817
8856
6882
1445
1306
3954
276
5583
5581
4615
3515
7003
725
6357
1657
1618
1050
9432
8639
1634
7218
7913
7489
6289
441
533
3607
8371
420
1183
5045
2446
7347
1064
5246
5148
3605
5310
20
4544
5312
4387
4691
9372
8705
7551
1023
3011
4465
7145
4779
6379
4361
5746
9243
5077
7143
674
2604
3887
1457
183
1762
5641
3785
571
5107
1416
8738
9349
483
5224
9522
755
1518
5701
1001
8295
861
4555
5489
9535
4371
8300
9062
2570
6263
722
9767
791
6744
902
8286
7552
2124
2720
3501
2696
3161
9424
137
576
8487
6413
27
9232
5653
9212
8900
9076
3435
419
9809
4964
7760
7326
2496
3049
4446
961
8834
285
483
7007
6322
5859
3849
7643
7268
1607
632
7086
1185
9350
4537
4792
514
5873
7118
3562
3019
4542
4689
9891
7755
5104
8123
2121
9632
8776
4438
5882
6736
1867
5573
5764
309
4598
6642
5026
505
9248
2648
1048
131
8495
8354
9393
7616
46
467
4982
9461
1805
5320
7378
2596
4937
8699
7316
8158
3806
5033
693
3272
1562
438
2235
3248
195
6655
9069
498
8108
6097
2231
7942
532
8872
8832
4300
1664
1387
138
8123
6602
2470
6874
3942
9993
3863
7353
2321
6355
9774
5722
1186
5937
5262
7453
1931
8770
2025
6323
4711
9522
1771
291
6611
2140
1477
2380
2015
9486
8397
9964
9925
7132
6964
3025
1577
9111
5289
7102
7393
1568
1420
6416
4024
7640
8597
9490
1405
7833
4566
6765
8017
7066
526
8084
1921
6927
3536
1663
5777
4512
4547
1365
4042
1291
7147
5600
2692
8908
7480
2940
6904
1516
6413
577
9343
7095
1828
9617
7743
7362
8080
9955
9928
5933
515
8273
7913
5430
6097
8959
3545
6590
6788
2749
674
8368
2273
3951
1888
4847
3308
2747
8171
7967
3176
3891
2737
8039
9169
3379
5273
1493
5581
5037
1827
9090
3792
1187
2419
7880
2191
7829
687
8881
2136
4028
9351
114
816
2550
101
168
2941
5907
4005
4081
9349
7167
1046
287
7670
2289
4882
6824
999
4578
8043
50
9710
2499
1526
8669
1300
793
1676
9552
439
3850
6782
6905
5999
9292
3978
4192
7683
5003
9308
8251
9020
796
214
5895
2745
9361
8482
8581
8549
3500
2007
1171
7686
6
5115
9117
2119
7186
1160
2852
1609
6830
9010
9886
1957
3354
4807
4013
6134
9661
6168
260
5493
5828
8056
1304
7108
9115
706
7220
590
9073
4560
9823
1039
4087
8553
241
2560
1466
1194
1876
3926
1857
5865
3288
7580
7337
8517
2810
2494
2703
6002
9589
8520
2893
8100
729
9069
9273
5514
4587
4236
922
9485
6685
4848
1085
6537
2752
9751
5975
8475
9192
1270
3787
9899
6575
2667
8959
140
1532
1027
3994
1250
9877
9837
3280
211
3394
9774
4593
5121
2228
3046
2095
9671
1286
8099
3311
6482
8755
7269
5410
1570
1752
2049
1748
7457
8907
9002
8292
5955
4445
4365
6598
2607
7228
7628
5093
4429
140
5966
5805
2768
1382
4260
2456
2646
2625
4303
118
2365
7281
5136
6819
1992
5981
5808
3604
1443
5301
3121
4994
275
1892
740
2314
9025
9138
6525
9860
969
9581
7221
5139
9950
4682
2638
6988
3345
6854
5340
4058
9185
9826
5361
673
357
5454
4921
3186
248
1540
9704
4911
1427
4761
145
2752
8786
5568
5912
8692
6384
6416
3178
3564
4724
7222
6620
1332
9648
2366
8689
9187
4663
2046
9168
8726
224
451
9061
5832
520
2033
8183
7940
5772
4485
9242
7182
5655
7869
3318
5055
2937
346
1847
783
633
8261
1094
712
5773
864
6360
1065
8615
9294
1462
1688
4257
8405
9037
5612
5469
8115
4438
4633
918
3039
1993
9149
1659
2625
6557
299
1997
9925
1299
5238
5015
6748
164
2704
8877
132
4264
3987
3576
8313
1897
4320
5297
6219
2951
871
9324
3586
3566
662
8040
1247
2420
6469
5380
5045
4359
6433
2340
1480
2438
2407
6227
3029
2687
1076
2459
8498
2841
8219
1411
8311
3811
9270
824
9645
7277
5920
4576
6406
9877
8515
6795
2174
8453
157
890
32
4666
6745
2917
188
1769
5435
3655
2679
8429
8108
1261
2067
6436
1063
1167
2657
2522
7074
8494
7748
8550
3809
1967
1464
1364
4103
406
3267
7011
2735
1590
7722
4640
715
4552
3463
1394
7274
2171
2666
6375
2271
8059
5790
1151
3024
9525
7182
4264
620
2297
4599
6137
1856
1569
575
772
8460
5042
1446
1685
8225
3600
1340
3424
7406
2710
340
3482
4076
8742
2423
7494
7158
6878
2396
1459
8877
3116
6342
2788
5147
9172
5886
544
7814
3407
5251
4523
6664
4278
5248
3365
9388
4063
2109
1073
1003
3031
2088
3033
9032
289
5
9200
409
846
691
200
9368
9597
9826
5526
1016
693
2306
1266
9243
9601
8397
3795
2755
795
3751
8538
7720
9452
2645
2397
810
3026
4365
7880
8536
291
1468
5359
5856
7730
4493
4743
6743
3184
1480
1893
2011
5844
7866
7239
9671
4990
8148
7906
2055
216
1046
988
6221
6190
797
8651
1251
7616
7834
4221
482
485
8725
4586
6914
2707
9234
3590
4755
6348
6547
2219
428
5482
2654
1927
1362
975
4032
6466
6075
38
5602
5635
3859
30
7499
7539
9102
1896
935
8322
1503
9167
1687
9176
2121
8360
5352
5311
356
2586
1032
4351
291
639
7302
8858
8083
1675
5274
7226
3142
5165
8133
7463
6641
4980
7226
8749
1794
67
3725
9277
9735
120
8890
7875
5131
1914
9369
1304
306
3649
1265
2585
6903
6986
219
2696
9571
6075
8025
2689
2241
5140
2662
7056
1008
6071
7535
1185
6345
3737
4035
1784
2049
5385
1335
1410
1953
8000
8349
3035
9028
5082
7109
2129
6225
4836
8660
937
7066
7574
2597
9041
6404
6916
2062
5062
7672
3823
1220
4663
2121
4689
3009
601
6823
6329
4180
9725
6483
3123
9898
5871
3524
3452
4285
2944
2105
9140
4890
1141
6080
4437
1766
9985
7623
2084
4211
4961
8849
853
768
3751
1915
9348
9567
6090
8399
9809
2284
6444
7737
6731
7706
9707
8456
9120
975
6972
7975
7795
2787
933
8093
7648
9701
4601
4705
2413
303
1370
5490
2497
4523
5002
2567
6009
1478
4210
5394
3704
4660
9943
4314
7375
6004
41
8297
2397
9525
4302
9619
5033
1241
1839
552
1982
3033
2257
8812
6006
378
663
4517
5114
8830
3110
4340
377
1518
985
2392
9687
2790
2278
5471
1015
9569
7968
719
1228
1975
5310
6244
8029
9684
9917
5178
472
5323
3233
1758
6680
9482
5890
9888
1625
1424
7524
7084
8331
4077
8039
2713
7685
9545
4721
2816
1021
6488
1880
2129
7973
7291
8517
3876
5832
6394
6821
2428
5477
1522
9793
4944
122
3209
9089
3228
7669
9738
9677
8533
7624
5789
9828
6716
8651
7493
528
3077
934
8161
1305
5977
4319
8603
7193
6425
7665
7429
9809
4259
6542
6278
650
426
6661
8767
8974
1505
8215
898
9143
8776
3415
2133
872
5194
4561
3363
3867
5334
637
6532
8603
8909
5747
8735
1060
2924
4624
4925
6199
8602
8074
9471
3730
9843
6801
5602
8783
6583
3719
658
3020
3021
5505
9133
1291
3212
1182
9114
6427
6555
2952
6858
662
9078
3224
205
9052
7524
5215
6024
1681
7656
4434
4070
6178
9957
2917
2012
126
133
8428
2
4850
1595
1102
3358
2341
7336
2539
5331
3574
3291
2575
4938
8275
3372
8743
6927
3787
3963
5348
6720
9237
6820
9309
1042
4355
2646
4794
4069
1906
2564
4847
6840
1859
2716
2053
4687
4271
102
3679
5060
7125
5519
7147
2653
9528
2951
8088
2509
5400
9399
5575
3548
221
5767
1877
8283
8299
447
9623
3923
6930
4716
9271
478
6022
1414
7615
3545
3999
5552
675
5511
881
31
644
9657
8110
2174
8065
3021
2170
7809
1089
6357
8816
5673
5103
2314
2804
7176
9237
1504
2536
7237
6253
9915
5763
3378
1683
9202
2974
6460
622
820
5089
4275
9985
8920
542
9675
973
3161
2667
1057
4490
2
9270
914
213
2118
9108
5609
7340
5587
1659
6743
4136
6616
5953
9416
2794
3172
1013
4339
4409
4817
9212
2514
6731
6722
8942
52
5666
88
834
3359
3017
955
1431
2906
9455
9143
2133
5337
579
2725
2835
1354
9521
668
682
2688
2427
5815
7994
7741
8412
8264
4700
9670
4313
9885
2728
2178
2025
5123
903
2355
4086
6233
747
9032
1636
694
1550
3842
242
7245
4664
5157
31
7391
485
8705
5631
801
9399
2882
2798
6080
3912
5781
6340
1315
5218
893
953
9281
5250
6964
4219
7858
2730
2645
1053
2074
3479
8186
6722
2323
1346
6513
7083
3497
3418
3637
8702
4044
6306
3018
1528
5650
1191
3240
1059
1692
1494
2540
6075
506
1003
2299
2877
6704
5724
4137
3026
9979
487
6090
6123
4447
9914
9750
349
5395
5682
6002
8735
8608
7093
2908
1281
5749
5635
2327
6895
5006
538
2200
3110
3670
4506
288
8631
4187
6442
2636
3898
8033
4360
7625
884
5114
2998
7932
3292
3652
2691
3905
8538
7027
8503
3281
833
4849
1715
138
8608
1331
5864
6458
3267
7806
5784
3515
2991
2266
8890
7702
6573
9557
6097
7985
1926
4667
3295
8395
4865
1301
7382
1641
5561
687
7344
3602
1682
1119
4191
4424
3901
2978
9351
7864
8778
4409
9611
6916
9341
1749
5445
1470
6676
2030
8682
4712
968
1226
9101
7210
579
5532
835
2020
9121
1515
1559
4836
6346
6885
1503
826
5118
6644
2943
474
5666
6367
8908
5010
2938
5684
1316
3741
6391
5397
6011
3239
5443
1760
1545
6418
4203
467
6115
9576
8717
1984
854
9458
3905
8638
5772
4568
2013
4032
9720
2618
5443
1801
6884
5743
7518
3200
9005
6891
3389
993
6733
1350
7423
2708
1817
2331
3296
7154
8268
2895
8483
7877
6068
5907
1696
8095
9404
5994
6207
158
7290
3055
3414
7454
425
6641
7616
2272
4922
960
4671
2618
3174
4717
851
7662
2247
4461
907
6335
6024
5679
7195
1058
873
6894
2543
8370
184
568
9503
582
1629
352
1443
9767
101
353
3481
348
1
3028
2724
2696
9647
1364
5384
9687
2457
2128
3876
148
93
2288
8270
8399
9006
8332
1365
2270
6184
1642
5571
9713
1545
6278
1345
7642
1230
7415
0
2029
3548
6143
8293
1652
6913
1666
1477
3462
7673
2315
66
8729
4869
3900
8068
2853
2569
405
267
6763
3621
9383
1027
6966
3142
1337
4265
1377
2814
5178
6702
8618
4930
7624
8682
1301
7714
3889
834
1443
5950
1816
3901
8068
9494
2346
2052
683
963
2033
8984
8514
3461
7384
6056
5070
9197
304
2371
8195
1372
7187
7754
3035
1882
5224
9450
387
8475
1415
1497
9399
8176
3389
9758
3855
4026
4577
326
1466
4724
6407
1669
1114
3122
1589
2090
2831
1476
3925
550
5017
8799
1035
4733
1512
9438
9271
7182
4583
4837
9981
8912
3641
8071
8531
8573
7009
6040
7130
8708
9784
1685
4385
1801
2315
9234
4758
4128
9603
8420
7214
250
8458
7281
4968
6623
5290
8229
7757
9485
9256
1655
3210
5935
3793
7722
241
5073
4307
1256
4429
6579
9071
5276
2165
3885
5102
4879
8610
7347
2514
7462
1156
9480
3758
7145
2354
4279
7224
4487
8481
7759
6702
8536
7080
2831
2791
9283
4721
9475
524
5682
6017
9038
3303
8995
844
3449
1082
5120
6147
7098
7538
2704
5471
8968
4158
6239
6147
8734
2411
44
9677
6126
3378
466
9917
4504
1348
2202
745
5787
6292
3470
3792
283
6998
7472
8558
1508
4327
8700
3791
7838
8429
5548
1383
465
4288
3323
7185
2891
2026
1260
3847
800
5435
2716
706
497
1791
2597
4754
1808
7476
756
7536
7458
758
2637
7714
1174
301
6349
319
4198
2251
225
1620
9516
2942
1909
1430
2599
3325
2863
5000
717
8721
1470
5247
4994
5921
8349
7460
8058
6866
2892
2154
6812
190
9249
8386
2745
9701
8010
4091
2683
9378
9334
2109
2688
1376
1957
2728
41
4108
718
5880
8606
7708
4896
5532
2357
9920
8474
1079
4387
8648
4446
9366
4769
2519
7667
3220
5842
4615
75
6891
2741
732
5
1355
342
5005
7108
1744
346
7184
9679
5199
8219
2101
377
4832
1584
2215
6516
3795
8896
2238
6434
4316
2392
9976
6621
2529
1116
4057
5384
86
5691
544
501
9990
5558
1709
5752
7029
513
9744
5739
5940
4331
8531
8980
2613
3547
75
2692
8063
7947
8443
9089
7268
2618
873
6598
9201
4701
6741
8761
7397
4725
6359
